brainrot.csv
31
3 -2 11 10 13 0 
9 4 13 -3 10 7 
11 11 1 9 -2 -5 
3 8 19 -5 8 6 
12 8 10 12 8 0 
-4 3 13 14 1 20 
17 -3 9 17 20 6 
4 -1 2 -5 1 20 
20 3 3 17 -4 19 
2 11 0 14 8 -3 
-3 20 16 -3 15 1 
-1 12 -1 9 9 19 
19 10 17 12 2 6 
4 1 -4 8 -2 20 
8 7 -4 16 18 -3 
6 8 0 5 19 10 
-3 -1 2 -2 12 4 
7 8 3 17 8 -3 
10 -4 18 19 -2 -2 
15 3 12 9 12 -3 
15 1 5 -4 2 -2 
-4 18 4 1 17 19 
-1 8 -5 16 17 13 
14 7 13 15 15 16 
-1 -5 1 19 -1 11 
2 16 7 -1 20 7 
19 -3 -2 14 8 3 
13 7 3 1 4 19 
10 6 -1 9 8 10 
7 0 10 4 6 11 
15 17 -3 3 6 16 
