brainrot.csv
46
7 1 5 0 15 -5 
11 19 17 -5 5 16 
9 -1 2 -2 17 -1 
14 0 9 8 5 16 
8 -1 4 0 -2 9 
5 -4 -1 2 9 1 
2 0 -5 2 15 11 
9 20 11 -5 10 17 
7 11 7 10 11 -3 
10 -1 7 -5 -1 -1 
8 4 17 15 -5 -1 
-2 12 11 -3 7 4 
5 17 1 8 6 11 
-5 9 17 6 13 5 
14 14 14 7 0 6 
4 16 8 11 19 13 
20 5 8 10 -4 15 
4 8 20 2 8 6 
-4 -4 5 2 11 9 
17 19 20 17 4 -3 
12 -4 18 4 -1 -4 
6 12 1 19 16 2 
18 -5 8 10 -1 15 
7 -4 18 11 16 17 
-1 18 19 10 4 16 
14 14 4 -3 17 4 
11 13 9 1 3 18 
-5 -4 5 0 1 17 
7 14 19 0 10 11 
18 7 13 17 17 7 
2 16 15 -4 4 6 
5 7 6 6 9 7 
17 15 7 20 12 5 
14 7 0 4 1 6 
0 17 4 10 5 8 
11 18 16 19 13 8 
1 -5 5 -1 -5 0 
-2 18 16 9 7 16 
4 1 5 9 -1 10 
15 2 1 19 20 0 
16 4 0 18 5 16 
18 11 -4 -2 4 0 
-3 2 5 13 12 14 
17 8 3 4 1 7 
7 20 8 -5 4 11 
2 19 -1 -3 7 -4 
