brainrot.csv
33
9 13 8 9 -4 18 
19 11 16 16 10 16 
16 17 6 -2 17 5 
-3 19 3 3 10 18 
16 6 14 16 10 3 
8 -5 7 12 13 16 
9 16 1 -1 1 -1 
4 10 14 0 9 -5 
4 14 17 -4 -3 -4 
3 5 1 -4 -3 8 
-2 20 4 6 11 16 
-2 15 9 4 4 13 
16 1 2 7 15 17 
17 -5 20 -5 4 5 
9 4 -5 11 0 19 
12 12 9 -5 3 12 
18 5 0 6 3 8 
10 17 10 18 -2 7 
3 6 11 11 9 6 
-2 4 7 7 5 -5 
11 12 10 20 5 14 
6 8 14 -3 20 6 
13 -1 13 -5 7 11 
20 14 12 4 20 1 
6 9 1 -1 11 18 
19 2 -4 8 9 20 
5 15 10 18 1 -5 
8 19 6 19 -3 6 
-1 -1 3 1 3 10 
8 10 12 0 7 -1 
7 20 -2 6 2 20 
1 14 -5 12 6 16 
11 16 10 3 10 1 
