brainrot.csv
42
18 4 19 -4 10 -5 
11 16 5 1 9 10 
12 19 18 6 14 -1 
12 19 17 3 11 9 
7 18 5 14 2 -1 
16 10 -4 11 20 -4 
-1 -4 10 11 16 4 
12 -2 -5 2 1 8 
-1 4 17 -2 3 -2 
18 -2 12 -3 9 12 
-5 -1 19 19 20 18 
17 10 -5 17 14 15 
15 -1 12 14 14 1 
0 3 0 5 6 12 
4 -1 20 10 8 0 
12 15 15 -5 -3 -5 
10 2 14 3 -3 15 
-1 8 11 15 7 7 
15 14 3 6 16 15 
6 3 -2 -5 20 4 
14 6 17 12 4 13 
-3 13 2 17 7 13 
13 3 19 19 5 16 
3 11 3 10 -5 7 
-5 3 -2 -1 2 4 
18 9 0 10 2 9 
14 3 -2 -3 -3 12 
0 -1 2 5 8 0 
5 14 -4 15 -5 13 
10 -2 8 6 1 16 
1 6 6 -5 9 12 
-5 3 18 -2 5 -2 
-5 16 14 18 6 13 
14 6 19 12 -2 14 
17 14 -5 9 5 9 
20 3 11 4 -2 5 
4 2 4 3 2 10 
0 7 10 -2 9 18 
5 12 6 17 7 6 
17 10 14 10 17 17 
15 14 4 -4 -4 19 
-5 -3 -2 17 -2 15 
